
=== region full   (a = [0.5, 0.8, 0.9, 0.95])
  model                                      M emp_J                  kappa*  c*@.9                 P emp_J W_M/W_P@.9
  Linear Regression      0.102 0.504 0.731 0.785   0.639 0.817 0.957 1.221    2.25  0.000 0.112 0.270 0.579      1.56
  Ridge (CV)             0.101 0.507 0.731 0.784   0.639 0.816 0.956 1.221    2.25  0.000 0.112 0.268 0.577      1.56
  Random Forest          0.166 0.612 0.828 0.865   0.412 0.432 0.517 2.257    1.40  0.002 0.030 0.144 0.390      2.82
  MLP (sklearn)          0.097 0.419 0.773 0.829   0.332 0.297 0.283 0.281    1.35  0.000 0.007 0.030 0.060      2.98
  Simple MLP             0.164 0.675 0.847 0.901   0.473 0.426 0.377 0.354    1.11  0.000 0.012 0.034 0.128      2.95
  Conv Decoder           0.247 0.653 0.796 0.935   0.331 0.313 0.271 0.326    1.15  0.000 0.001 0.013 0.106      2.85
  UNet_Lite              0.165 0.719 0.877 0.930   0.269 0.249 0.226 0.268    1.03  0.000 0.008 0.055 0.263      2.74
  PCA+Ridge (SCORE.md)   0.103 0.498 0.730 0.784   0.634 0.810 0.955 1.219    2.26  0.000 0.111 0.269 0.571      1.56
  null: W_M [0.2164, 0.3284, 0.4262, 0.5285]  emp_J [0.658, 0.87, 0.999, 1.0]  c* [1.0, 1.0, 1.0, 1.0]

=== region mask   (a = [0.5, 0.8, 0.9, 0.95])
  model                                      M emp_J                  kappa*  c*@.9                 P emp_J W_M/W_P@.9
  Linear Regression      0.090 0.477 0.773 0.830   0.752 0.611 0.900 1.118    2.11  0.003 0.166 0.412 0.648      1.49
  Ridge (CV)             0.090 0.477 0.773 0.830   0.751 0.610 0.900 1.118    2.11  0.003 0.166 0.411 0.646      1.49
  Random Forest          0.148 0.669 0.788 0.842   0.445 0.367 0.449 2.132    1.67  0.005 0.083 0.294 0.508      1.92
  MLP (sklearn)          0.083 0.396 0.746 0.938   0.412 0.314 0.270 0.233    1.18  0.000 0.022 0.047 0.134      2.72
  Simple MLP             0.176 0.753 0.914 0.966   0.578 0.401 0.348 0.326    1.01  0.000 0.019 0.048 0.182      2.61
  Conv Decoder           0.220 0.645 0.812 0.888   0.392 0.338 0.292 0.301    1.18  0.000 0.013 0.142 0.362      2.56
  UNet_Lite              0.118 0.757 0.922 0.956   0.344 0.246 0.231 0.215    1.01  0.000 0.030 0.085 0.339      2.43
  PCA+Ridge (SCORE.md)   0.091 0.483 0.771 0.831   0.746 0.611 0.900 1.119    2.13  0.003 0.172 0.416 0.640      1.49
  null: W_M [0.162, 0.289, 0.386, 0.4878]  emp_J [0.636, 0.973, 1.0, 1.0]  c* [1.0, 1.0, 1.0, 1.0]

  a=0.90 CIs (full):
    MLP (sklearn)    emp_J 0.773 [0.295, 0.986]   kappa* 0.283 [0.181, 0.489]   per-shot emp_J [0.07, 0.9, 0.99, 0.12, 1.0, 0.98, 0.95, 1.0]
    Simple MLP       emp_J 0.847 [0.562, 0.967]   kappa* 0.377 [0.284, 0.555]   per-shot emp_J [0.63, 0.91, 0.73, 0.2, 1.0, 1.0, 1.0, 1.0]
    Conv Decoder     emp_J 0.796 [0.524, 0.962]   kappa* 0.271 [0.213, 0.642]   per-shot emp_J [0.53, 0.76, 0.69, 0.17, 1.0, 1.0, 0.97, 1.0]
    UNet_Lite        emp_J 0.877 [0.551, 0.996]   kappa* 0.226 [0.189, 0.488]   per-shot emp_J [0.74, 0.82, 1.0, 0.21, 1.0, 1.0, 1.0, 1.0]

VERDICT: {'C6': 'REFINED', 'coverage_ok': {'MLP (sklearn)': False, 'Simple MLP': False, 'Conv Decoder': False, 'UNet_Lite': True}, 'width_ok': {'MLP (sklearn)': True, 'Simple MLP': True, 'Conv Decoder': True, 'UNet_Lite': True}, 'absurd': []}
