  model                  a=0.50: mean [p05,p95] real(pct)  a=0.90: mean [p05,p95] real(pct)
  Linear Regression      0.500 [0.22,0.77] 0.102(0.00)   0.885 [0.68,1.00] 0.731(0.11)   LOSO<0.5: 0.10
  Ridge (CV)             0.500 [0.22,0.77] 0.101(0.00)   0.885 [0.68,1.00] 0.731(0.11)   LOSO<0.5: 0.10
  Random Forest          0.495 [0.22,0.74] 0.166(0.02)   0.887 [0.70,0.99] 0.828(0.23)   LOSO<0.5: 0.10
  MLP (sklearn)          0.500 [0.19,0.80] 0.097(0.02)   0.885 [0.69,1.00] 0.773(0.15)   LOSO<0.5: 0.10 *
  Simple MLP             0.502 [0.22,0.76] 0.164(0.03)   0.887 [0.75,0.97] 0.847(0.23)   LOSO<0.5: 0.05 *
  Conv Decoder           0.502 [0.26,0.73] 0.247(0.04)   0.885 [0.75,0.98] 0.796(0.10)   LOSO<0.5: 0.05 *
  UNet_Lite              0.500 [0.24,0.76] 0.165(0.01)   0.883 [0.74,0.98] 0.877(0.41)   LOSO<0.5: 0.05 *
  PCA+Ridge (SCORE.md)   0.500 [0.22,0.77] 0.103(0.00)   0.886 [0.68,1.00] 0.730(0.11)   LOSO<0.5: 0.10
  N0                     0.507 [0.29,0.73] 0.658(0.86)   0.887 [0.71,1.00] 0.999(0.91)   LOSO<0.5: 0.00

  LOSO per-shot coverage at 0.90 (shots 0-11 = half B, 12-19 = test 60-67):
  MLP (sklearn)    [1.0, 1.0, 1.0, 1.0, 1.0, 0.77, 1.0, 0.94, 0.87, 0.66, 1.0, 1.0, 0.07, 0.97, 1.0, 0.13, 1.0, 1.0, 1.0, 1.0]
  Simple MLP       [1.0, 1.0, 1.0, 1.0, 1.0, 0.73, 0.72, 0.93, 0.94, 0.77, 0.85, 1.0, 0.68, 0.96, 0.77, 0.21, 1.0, 1.0, 1.0, 1.0]
  Conv Decoder     [0.98, 1.0, 0.95, 1.0, 1.0, 0.83, 0.78, 0.97, 0.79, 0.82, 1.0, 1.0, 0.55, 0.83, 0.87, 0.17, 1.0, 1.0, 0.99, 1.0]
  UNet_Lite        [1.0, 1.0, 1.0, 1.0, 1.0, 0.66, 0.78, 0.92, 0.67, 0.8, 1.0, 1.0, 0.77, 0.82, 1.0, 0.2, 1.0, 1.0, 1.0, 1.0]
  N0               [0.56, 1.0, 1.0, 1.0, 1.0, 0.65, 1.0, 0.92, 0.58, 1.0, 1.0, 1.0, 0.68, 1.0, 1.0, 0.99, 0.98, 1.0, 1.0, 1.0]
